0.4 0.4 0.2 0.2 0.0 0.0
0.4 0.2 0.2 0.0 0.0 0.0
0.2 0.2 0.0 0.0 0.0 0.0
0.2 0.0 0.0 0.0 0.0 0.4
0.0 0.0 0.0 0.0 0.4 0.4
0.0 0.0 0.0 0.4 0.4 0.2
0.0 0.0 0.4 0.4 0.2 0.2
0.0 0.4 0.4 0.2 0.2 0.0
0.4 0.4 0.2 0.2 0.0 0.0
0.4 0.2 0.2 0.0 0.0 0.0
0.2 0.2 0.0 0.0 0.0 0.0
0.2 0.0 0.0 0.0 0.0 0.0
0.0 0.0 0.0 0.0 0.0 0.0
0.0 0.0 0.0 0.0 0.0 0.0
0.0 0.0 0.0 0.0 0.0 0.0
0.0 0.0 0.0 0.0 0.0 0.4
0.0 0.0 0.0 0.0 0.4 0.4
0.0 0.0 0.0 0.4 0.4 0.2
0.0 0.0 0.4 0.4 0.2 0.2
0.0 0.4 0.4 0.2 0.2 0.0
0.4 0.4 0.2 0.2 0.0 0.0
0.4 0.2 0.2 0.0 0.0 0.0
0.2 0.2 0.0 0.0 0.0 0.0
0.4 0.4 0.4 0.4 0.4 0.4
0.4 0.4 0.4 0.4 0.4 0.4
0.4 0.4 0.4 0.4 0.4 0.4
0.4 0.4 0.4 0.4 0.4 0.4
0.4 0.4 0.4 0.4 0.4 0.7000000000000001
0.4 0.4 0.4 0.4 0.7000000000000001 0.0
0.4 0.4 0.4 0.7000000000000001 0.0 0.2
0.4 0.4 0.7000000000000001 0.0 0.2 0.4
0.4 0.7000000000000001 0.0 0.2 0.4 0.4
0.7000000000000001 0.0 0.2 0.4 0.4 0.4
0.0 0.2 0.4 0.4 0.4 0.4
0.2 0.4 0.4 0.4 0.4 0.5
0.4 0.4 0.4 0.4 0.5 0.5
0.4 0.4 0.4 0.5 0.5 0.5
0.4 0.4 0.5 0.5 0.5 0.5
0.4 0.5 0.5 0.5 0.5 0.5
0.5 0.5 0.5 0.5 0.5 0.4
0.5 0.5 0.5 0.5 0.4 0.4
0.5 0.5 0.5 0.4 0.4 0.4
0.5 0.5 0.4 0.4 0.4 0.4
0.5 0.4 0.4 0.4 0.4 0.2
0.4 0.4 0.4 0.4 0.2 0.2
0.4 0.4 0.4 0.2 0.2 0.4
0.4 0.4 0.2 0.2 0.4 0.2
0.4 0.2 0.2 0.4 0.2 0.2
0.2 0.2 0.4 0.2 0.2 0.7000000000000001
0.2 0.4 0.2 0.2 0.7000000000000001 0.7000000000000001
0.4 0.2 0.2 0.7000000000000001 0.7000000000000001 0.4
0.2 0.2 0.7000000000000001 0.7000000000000001 0.4 0.4
0.2 0.7000000000000001 0.7000000000000001 0.4 0.4 0.4
0.7000000000000001 0.7000000000000001 0.4 0.4 0.4 0.4
0.7000000000000001 0.4 0.4 0.4 0.4 0.4
0.4 0.4 0.4 0.4 0.4 0.4
0.4 0.4 0.4 0.4 0.4 0.4
0.4 0.4 0.4 0.4 0.4 0.4
0.4 0.4 0.4 0.4 0.4 0.4
0.4 0.4 0.4 0.4 0.4 0.7000000000000001
0.4 0.4 0.4 0.4 0.7000000000000001 0.0
0.4 0.4 0.4 0.7000000000000001 0.0 0.2
0.4 0.4 0.7000000000000001 0.0 0.2 0.4
0.4 0.7000000000000001 0.0 0.2 0.4 0.4
0.7000000000000001 0.0 0.2 0.4 0.4 0.4
0.0 0.2 0.4 0.4 0.4 0.4
0.2 0.4 0.4 0.4 0.4 0.5
0.4 0.4 0.4 0.4 0.5 0.5
0.4 0.4 0.4 0.5 0.5 0.5
0.4 0.4 0.5 0.5 0.5 0.5
0.4 0.5 0.5 0.5 0.5 0.5
0.5 0.5 0.5 0.5 0.5 0.4
0.5 0.5 0.5 0.5 0.4 0.4
0.5 0.5 0.5 0.4 0.4 0.4
0.5 0.5 0.4 0.4 0.4 0.7000000000000001
0.5 0.4 0.4 0.4 0.7000000000000001 0.7000000000000001
0.4 0.4 0.4 0.7000000000000001 0.7000000000000001 0.5
0.4 0.4 0.7000000000000001 0.7000000000000001 0.5 0.2
0.4 0.7000000000000001 0.7000000000000001 0.5 0.2 0.0
0.7000000000000001 0.7000000000000001 0.5 0.2 0.0 0.0
0.7000000000000001 0.5 0.2 0.0 0.0 0.0
0.5 0.2 0.0 0.0 0.0 0.0
0.7000000000000001 0.9 0.7000000000000001 0.5 0.4 0.5
0.9 0.7000000000000001 0.5 0.4 0.5 0.7000000000000001
0.7000000000000001 0.5 0.4 0.5 0.7000000000000001 0.7000000000000001
0.5 0.4 0.5 0.7000000000000001 0.7000000000000001 0.2
0.4 0.5 0.7000000000000001 0.7000000000000001 0.2 0.4
0.5 0.7000000000000001 0.7000000000000001 0.2 0.4 0.5
0.7000000000000001 0.7000000000000001 0.2 0.4 0.5 0.5
0.7000000000000001 0.2 0.4 0.5 0.5 0.4
0.2 0.4 0.5 0.5 0.4 0.5
0.4 0.5 0.5 0.4 0.5 0.7000000000000001
0.5 0.5 0.4 0.5 0.7000000000000001 0.7000000000000001
0.5 0.4 0.5 0.7000000000000001 0.7000000000000001 0.7000000000000001
0.4 0.5 0.7000000000000001 0.7000000000000001 0.7000000000000001 0.9
0.5 0.7000000000000001 0.7000000000000001 0.7000000000000001 0.9 0.7000000000000001
0.7000000000000001 0.7000000000000001 0.7000000000000001 0.9 0.7000000000000001 0.5
0.7000000000000001 0.7000000000000001 0.9 0.7000000000000001 0.5 0.4
0.7000000000000001 0.9 0.7000000000000001 0.5 0.4 0.5
0.9 0.7000000000000001 0.5 0.4 0.5 0.7000000000000001
0.7000000000000001 0.5 0.4 0.5 0.7000000000000001 0.7000000000000001
0.5 0.4 0.5 0.7000000000000001 0.7000000000000001 0.2
0.4 0.5 0.7000000000000001 0.7000000000000001 0.2 0.2
0.5 0.7000000000000001 0.7000000000000001 0.2 0.2 0.7000000000000001
0.7000000000000001 0.7000000000000001 0.2 0.2 0.7000000000000001 0.7000000000000001
0.7000000000000001 0.2 0.2 0.7000000000000001 0.7000000000000001 0.4
0.2 0.2 0.7000000000000001 0.7000000000000001 0.4 0.0
0.2 0.7000000000000001 0.7000000000000001 0.4 0.0 0.0
0.7000000000000001 0.7000000000000001 0.4 0.0 0.0 0.0
0.4 0.2 0.0 0.2 0.4 0.4
0.2 0.0 0.2 0.4 0.4 0.4
0.0 0.2 0.4 0.4 0.4 0.4
0.2 0.4 0.4 0.4 0.4 0.2
0.4 0.4 0.4 0.4 0.2 0.2
0.4 0.4 0.4 0.2 0.2 0.2
0.4 0.4 0.2 0.2 0.2 0.2
0.4 0.2 0.2 0.2 0.2 0.4
0.2 0.2 0.2 0.2 0.4 0.7000000000000001
0.2 0.2 0.2 0.4 0.7000000000000001 0.7000000000000001
0.2 0.2 0.4 0.7000000000000001 0.7000000000000001 0.7000000000000001
0.2 0.4 0.7000000000000001 0.7000000000000001 0.7000000000000001 0.4
0.4 0.7000000000000001 0.7000000000000001 0.7000000000000001 0.4 0.2
0.7000000000000001 0.7000000000000001 0.7000000000000001 0.4 0.2 0.0
0.7000000000000001 0.7000000000000001 0.4 0.2 0.0 0.2
0.7000000000000001 0.4 0.2 0.0 0.2 0.4
0.4 0.2 0.0 0.2 0.4 0.4
0.2 0.0 0.2 0.4 0.4 0.4
0.0 0.2 0.4 0.4 0.4 0.4
0.2 0.4 0.4 0.4 0.4 0.2
0.4 0.4 0.4 0.4 0.2 0.2
0.4 0.4 0.4 0.2 0.2 0.4
0.4 0.4 0.2 0.2 0.4 0.2
0.4 0.2 0.2 0.4 0.2 0.0
0.2 0.2 0.4 0.2 0.0 0.0
0.2 0.4 0.2 0.0 0.0 0.0
0.4 0.2 0.0 0.0 0.0 0.0
0.4 0.4 0.5 0.7000000000000001 0.7000000000000001 0.5
0.4 0.5 0.7000000000000001 0.7000000000000001 0.5 0.4
0.5 0.7000000000000001 0.7000000000000001 0.5 0.4 0.2
0.7000000000000001 0.7000000000000001 0.5 0.4 0.2 0.0
0.7000000000000001 0.5 0.4 0.2 0.0 0.0
0.5 0.4 0.2 0.0 0.0 0.2
0.4 0.2 0.0 0.0 0.2 0.4
0.2 0.0 0.0 0.2 0.4 0.4
0.0 0.0 0.2 0.4 0.4 0.2
0.0 0.2 0.4 0.4 0.2 0.2
0.2 0.4 0.4 0.2 0.2 0.2
0.4 0.4 0.2 0.2 0.2 0.4
0.4 0.2 0.2 0.2 0.4 0.4
0.2 0.2 0.2 0.4 0.4 0.5
0.2 0.2 0.4 0.4 0.5 0.7000000000000001
0.2 0.4 0.4 0.5 0.7000000000000001 0.7000000000000001
0.4 0.4 0.5 0.7000000000000001 0.7000000000000001 0.5
0.4 0.5 0.7000000000000001 0.7000000000000001 0.5 0.4
0.5 0.7000000000000001 0.7000000000000001 0.5 0.4 0.2
0.7000000000000001 0.7000000000000001 0.5 0.4 0.2 0.0
0.7000000000000001 0.5 0.4 0.2 0.0 0.0
0.5 0.4 0.2 0.0 0.0 0.2
0.4 0.2 0.0 0.0 0.2 0.4
0.2 0.0 0.0 0.2 0.4 0.2
0.0 0.0 0.2 0.4 0.2 0.0
0.0 0.2 0.4 0.2 0.0 0.0
0.2 0.4 0.2 0.0 0.0 0.0
0.4 0.2 0.0 0.0 0.0 0.2
0.2 0.0 0.0 0.0 0.2 0.2
0.0 0.0 0.0 0.2 0.2 0.4
0.0 0.0 0.2 0.2 0.4 0.0
0.0 0.2 0.2 0.4 0.0 0.2
0.2 0.2 0.4 0.0 0.2 0.5
0.2 0.4 0.0 0.2 0.5 0.4
0.4 0.0 0.2 0.5 0.4 0.0
0.0 0.2 0.5 0.4 0.0 0.2
0.2 0.5 0.4 0.0 0.2 0.5
0.5 0.4 0.0 0.2 0.5 0.4
0.4 0.0 0.2 0.5 0.4 0.2
0.0 0.2 0.5 0.4 0.2 0.0
0.2 0.5 0.4 0.2 0.0 0.2
0.5 0.4 0.2 0.0 0.2 0.7000000000000001
0.4 0.2 0.0 0.2 0.7000000000000001 0.7000000000000001
0.2 0.0 0.2 0.7000000000000001 0.7000000000000001 0.4
0.0 0.2 0.7000000000000001 0.7000000000000001 0.4 0.4
0.2 0.7000000000000001 0.7000000000000001 0.4 0.4 0.5
0.7000000000000001 0.7000000000000001 0.4 0.4 0.5 0.7000000000000001
0.7000000000000001 0.4 0.4 0.5 0.7000000000000001 0.7000000000000001
0.4 0.4 0.5 0.7000000000000001 0.7000000000000001 0.5
0.4 0.5 0.7000000000000001 0.7000000000000001 0.5 0.4
0.5 0.7000000000000001 0.7000000000000001 0.5 0.4 0.2
0.7000000000000001 0.7000000000000001 0.5 0.4 0.2 0.0
0.7000000000000001 0.5 0.4 0.2 0.0 0.0
0.5 0.4 0.2 0.0 0.0 0.2
0.4 0.2 0.0 0.0 0.2 0.4
0.2 0.0 0.0 0.2 0.4 0.2
0.0 0.0 0.2 0.4 0.2 0.0
0.0 0.2 0.4 0.2 0.0 0.0
0.2 0.4 0.2 0.0 0.0 0.0
0.4 0.4 0.2 0.2 0.0 0.0
0.4 0.2 0.2 0.0 0.0 0.0
0.2 0.2 0.0 0.0 0.0 0.0
0.2 0.0 0.0 0.0 0.0 0.4
0.0 0.0 0.0 0.0 0.4 0.4
0.0 0.0 0.0 0.4 0.4 0.2
0.0 0.0 0.4 0.4 0.2 0.2
0.0 0.4 0.4 0.2 0.2 0.0
0.4 0.4 0.2 0.2 0.0 0.0
0.4 0.2 0.2 0.0 0.0 0.0
0.2 0.2 0.0 0.0 0.0 0.0
0.2 0.0 0.0 0.0 0.0 0.0
0.0 0.0 0.0 0.0 0.0 0.0
0.0 0.0 0.0 0.0 0.0 0.0
0.0 0.0 0.0 0.0 0.0 0.0
0.0 0.0 0.0 0.0 0.0 0.4
0.0 0.0 0.0 0.0 0.4 0.4
0.0 0.0 0.0 0.4 0.4 0.2
0.0 0.0 0.4 0.4 0.2 0.2
0.0 0.4 0.4 0.2 0.2 0.0
0.4 0.4 0.2 0.2 0.0 0.0
0.4 0.2 0.2 0.0 0.0 0.0
0.2 0.2 0.0 0.0 0.0 0.0
0.0 0.0 0.7000000000000001 0.7000000000000001 0.9 0.9
0.0 0.7000000000000001 0.7000000000000001 0.9 0.9 0.7000000000000001
0.7000000000000001 0.7000000000000001 0.9 0.9 0.7000000000000001 0.7000000000000001
0.7000000000000001 0.9 0.9 0.7000000000000001 0.7000000000000001 0.5
0.9 0.9 0.7000000000000001 0.7000000000000001 0.5 0.5
0.9 0.7000000000000001 0.7000000000000001 0.5 0.5 0.4
0.7000000000000001 0.7000000000000001 0.5 0.5 0.4 0.4
0.7000000000000001 0.5 0.5 0.4 0.4 0.2
0.5 0.5 0.4 0.4 0.2 0.2
0.5 0.4 0.4 0.2 0.2 0.0
0.4 0.4 0.2 0.2 0.0 0.0
0.4 0.2 0.2 0.0 0.0 0.7000000000000001
0.2 0.2 0.0 0.0 0.7000000000000001 0.7000000000000001
0.2 0.0 0.0 0.7000000000000001 0.7000000000000001 0.5
0.0 0.0 0.7000000000000001 0.7000000000000001 0.5 0.5
0.0 0.7000000000000001 0.7000000000000001 0.5 0.5 0.4
0.7000000000000001 0.7000000000000001 0.5 0.5 0.4 0.4
0.7000000000000001 0.5 0.5 0.4 0.4 0.2
0.5 0.5 0.4 0.4 0.2 0.2
0.5 0.4 0.4 0.2 0.2 0.7000000000000001
0.4 0.4 0.2 0.2 0.7000000000000001 0.7000000000000001
0.4 0.2 0.2 0.7000000000000001 0.7000000000000001 0.5
0.2 0.2 0.7000000000000001 0.7000000000000001 0.5 0.5
0.2 0.7000000000000001 0.7000000000000001 0.5 0.5 0.4
0.7000000000000001 0.7000000000000001 0.5 0.5 0.4 0.4
0.7000000000000001 0.5 0.5 0.4 0.4 0.2
0.5 0.5 0.4 0.4 0.2 0.2
0.5 0.4 0.4 0.2 0.2 0.0
0.4 0.4 0.2 0.2 0.0 0.0
0.4 0.2 0.2 0.0 0.0 0.7000000000000001
0.2 0.2 0.0 0.0 0.7000000000000001 0.7000000000000001
0.2 0.0 0.0 0.7000000000000001 0.7000000000000001 0.9
0.0 0.0 0.7000000000000001 0.7000000000000001 0.9 0.9
0.0 0.7000000000000001 0.7000000000000001 0.9 0.9 0.7000000000000001
0.7000000000000001 0.7000000000000001 0.9 0.9 0.7000000000000001 0.7000000000000001
0.7000000000000001 0.9 0.9 0.7000000000000001 0.7000000000000001 0.5
0.9 0.9 0.7000000000000001 0.7000000000000001 0.5 0.5
0.9 0.7000000000000001 0.7000000000000001 0.5 0.5 0.4
0.7000000000000001 0.7000000000000001 0.5 0.5 0.4 0.4
0.7000000000000001 0.5 0.5 0.4 0.4 0.2
0.5 0.5 0.4 0.4 0.2 0.2
0.5 0.4 0.4 0.2 0.2 0.0
0.4 0.4 0.2 0.2 0.0 0.0